PRC:
    length_PRM_PR2: 16.6036
    length_PR2_PR3: 16.157600000000002
    length_PR3_BS: 19.534077981151334
    PR2:
        Rc: -4.54177601
    PR3:
        Rc: 35.99303073
    PRM:
        T: 0.0315
        # Rc: -10.953474

SRC:
    length_SRM_SR2: 15.741552068467843
    length_SR2_SR3: 15.4551
    length_SR3_BS: 19.366832233658894
    SR2:
        Rc: -6.427212
    SR3:
        Rc: 35.98915226
    # SRM: 
    #     Rc: -5.675161

beam_waist:
    w0x: 0.0010060374599560882
    zx: 6.5
    w0y: 0.0010504901641205176
    zy: 6.483604381580482

X:
    ITM:
        T: 0.015
    arm_loss: 4e-05

Y:
    ITM:
        T: 0.015
    arm_loss: 4e-05

absorption:
    ITMX: 7.0e-07
    ITMY: 1.0604043108949596e-07
    ETMX: 7.0e-07
    ETMY: 1.0e-07

RH_eff:
    ITMX: 1
    ITMY: 1
    ETMX: 1
    ETMY: 1

IRH_sub: -8.17226661274708e-06
IRH_srf: 1.181085268749728e-06
ERH_srf: 8.836362186269675e-07
ERH_sub: -1.0817076685323246e-05
